           1           2           5           0           0           0           0
           2           1           3           5           6           0           0
           3           2           4           7           8           0           0
           4           3           8           0           0           0           0
           5           1           2           6           9          10           0
           6           2           0           5           7          10          11
           7           3           3           6           8          11          12
           8           3           4           7          12          13           0
           9           5           0          10          14           0           0
          10           5           6           9          11          14          15
          11           6           7          10          12          15          16
          12          11          13           7           8          16          17
          13           8          12          17           0           0           0
          14           9          10          15          18          18           0
          15          10          11          14          16          18          19
          16          11          12          15          17          19          20
          17          12          13          16          20          21           0
          18          14          15           0          19           0           0
          19          15          16          18          20           0           0
          20          16          17          19          21           0           0
1	18	0	0	0	0	0
2	18	19	0	0	0	0
3	19	20	0	0	0	0
4	20	0	0	0	0	0
5	0	0	0	0	0	0
6	0	0	0	0	0	0
7	0	0	0	0	0	0
8	0	0	0	0	0	0
9	0	0	0	0	0	0
10	0	0	0	0	0	0
11	0	0	0	0	0	0
12	0	0	0	0	0	0
13	0	0	0	0	0	0
14	0	0	0	0	0	0
15	0	0	0	0	0	0
16	0	0	0	0	0	0
17	0	0	0	0	0	0
18	0	0	0	0	0	0
19	0	0	0	0	0	0
20	0	0	0	0	0	0
1	2	0	0	0	0	0
2	1	3	0	0	0	0
3	2	4	0	0	0	0
4	3	5	0	0	0	0
5	4	0	0	0	0	0
1	5	0	0	0	0	0
2	0	0	0	0	0	0
3	0	0	0	0	0	0
4	0	0	0	0	0	0
5	0	0	0	0	0	0
1	1	2	0	0	0	0
2	2	3	0	0	0	0
3	2	3	4	0	0	0
4	4	5	0	0	0	0
5	5	0	0	0	0	0
1	5	0	0	0	0	0
2	0	0	0	0	0	0
3	0	0	0	0	0	0
4	0	0	0	0	0	0
5	0	0	0	0	0	0
1	2	0	0	0	0	0
2	1	3	0	0	0	0
3	2	4	0	0	0	0
4	3	5	0	0	0	0
5	4	0	0	0	0	0
1	5	0	0	0	0	0
2	0	0	0	0	0	0
3	0	0	0	0	0	0
4	0	0	0	0	0	0
5	0	0	0	0	0	0
1	1	2	0	0	0	0
2	2	3	0	0	0	0
3	2	3	4	0	0	0
4	4	5	0	0	0	0
5	5	0	0	0	0	0
1	5	0	0	0	0	0
2	0	0	0	0	0	0
3	0	0	0	0	0	0
4	0	0	0	0	0	0
5	0	0	0	0	0	0
1	4	0	0	0	0	0
2	4	8	13	0	0	0
3	13	0	0	0	0	0
4	13	17	0	0	0	0
5	17	20	0	0	0	0
1	0	0	0	0	0	0
2	0	0	0	0	0	0
3	0	0	0	0	0	0
4	0	0	0	0	0	0
5	4	0	0	0	0	0
1	1	0	0	0	0	0
2	1	5	9	0	0	0
3	9	0	0	0	0	0
4	9	14	0	0	0	0
5	14	18	0	0	0	0
1	0	0	0	0	0	0
2	0	0	0	0	0	0
3	0	0	0	0	0	0
4	0	0	0	0	0	0
5	1	0	0	0	0	0
